1.877680328985739428e-04 1.624666902925340432e-04 4.258263130366721845e-04 7.760609494853445891e-04 3.216000000000000000e+03 3.160000000000000309e-02 2.800000000000000000e+01
7.590891220285824088e-03 6.140233901356760213e-03 6.052795861651231839e-03 1.978392467973228222e-02 3.156000000000000000e+03 3.160000000000000309e-02 2.800000000000000000e+01
6.149910834299761840e-03 3.379538633730531667e-03 3.726959287118179667e-03 1.325642479111203628e-02 3.116000000000000000e+03 3.160000000000000309e-02 2.800000000000000000e+01
2.081914629328604003e-05 1.607012275389503806e-05 7.937855270538044395e-05 1.162678951268287419e-04 3.216000000000000000e+03 3.160000000000000309e-02 4.300000000000000000e+01
8.036161288668968068e-05 8.507257832768164380e-05 7.278503808443461504e-05 2.382191920352993281e-04 3.156000000000000000e+03 3.160000000000000309e-02 4.300000000000000000e+01
8.887836828540123804e-05 9.466896366432839781e-05 6.492749083282847982e-05 2.484748408122710922e-04 3.116000000000000000e+03 3.160000000000000309e-02 4.300000000000000000e+01
1.095444237424129507e-04 8.469873671724361460e-05 3.346743997002280761e-04 5.289174401441263914e-04 3.216000000000000000e+03 3.160000000000000309e-02 3.400000000000000000e+01
2.621640407637750980e-03 2.363640078335731316e-03 1.977074420079048041e-03 6.962357525268060565e-03 3.156000000000000000e+03 3.160000000000000309e-02 3.400000000000000000e+01
1.736063536043665114e-03 1.636414097982398985e-03 1.588588762064549638e-03 4.961060553710493030e-03 3.116000000000000000e+03 3.160000000000000309e-02 3.400000000000000000e+01
1.931655817704856087e-03 1.497404107718715814e-03 3.625170522051201789e-03 7.054230273103123325e-03 3.216000000000000000e+03 1.000000000000000056e-01 2.000000000000000000e+01
5.576277425506911273e-02 5.722845147011237227e-02 5.804384486471141080e-02 1.710350666874597969e-01 3.156000000000000000e+03 1.000000000000000056e-01 2.000000000000000000e+01
4.609985583347800397e-02 5.132509693015357977e-02 4.897984856220049393e-02 1.464048236061644970e-01 3.116000000000000000e+03 1.000000000000000056e-01 2.000000000000000000e+01
6.436114953040558521e-03 7.518567130412824075e-03 3.719044210645772869e-02 5.114509344537521845e-02 3.216000000000000000e+03 3.160000000000000031e-01 3.900000000000000000e+01
1.405470086226641713e-01 1.304023496963233608e-01 1.145049476957438195e-01 3.854543345519417796e-01 3.156000000000000000e+03 3.160000000000000031e-01 3.900000000000000000e+01
1.144872488864468046e-01 1.335377446140031121e-01 1.076574083824893002e-01 3.556820915211010292e-01 3.116000000000000000e+03 3.160000000000000031e-01 3.900000000000000000e+01
7.527468552824453582e-03 7.149166108817797856e-03 3.676597047600888707e-02 5.144267327728866551e-02 3.216000000000000000e+03 3.160000000000000031e-01 4.300000000000000000e+01
8.357818148942504355e-02 1.030327684110441400e-01 9.198433532099727084e-02 2.785951222603250677e-01 3.156000000000000000e+03 3.160000000000000031e-01 4.300000000000000000e+01
1.327341274341503341e-01 1.512607623567931991e-01 9.289301948666781050e-02 3.768881520323194567e-01 3.116000000000000000e+03 3.160000000000000031e-01 4.300000000000000000e+01
2.918066654622564551e-02 2.535170854026128420e-02 9.830576993997119928e-02 1.528381506969874182e-01 3.216000000000000000e+03 3.160000000000000031e-01 3.400000000000000000e+01
1.273568247837787881e+00 1.089607934249599008e+00 9.266188524890396350e-01 3.289795404157461967e+00 3.156000000000000000e+03 3.160000000000000031e-01 3.400000000000000000e+01
7.990400011084005660e-01 7.752007350118697016e-01 7.400990594582684823e-01 2.314339514570614043e+00 3.116000000000000000e+03 3.160000000000000031e-01 3.400000000000000000e+01
2.487206018108632932e-05 1.852398198697037502e-05 9.929972156223555214e-05 1.426957198090397945e-04 3.216000000000000000e+03 1.000000000000000056e-01 5.000000000000000000e+01
1.134737833819989618e-04 1.436298187516589085e-04 9.055729003931150428e-05 3.476608556965778466e-04 3.156000000000000000e+03 1.000000000000000056e-01 5.000000000000000000e+01
1.509398157311704364e-04 9.246510708247670520e-05 7.119724387335007890e-05 3.146015542722301831e-04 3.116000000000000000e+03 1.000000000000000056e-01 5.000000000000000000e+01
2.449454394878121301e-04 2.449306468208443640e-04 5.971273742085460171e-04 1.087003447176460805e-03 3.216000000000000000e+03 3.160000000000000309e-02 0.000000000000000000e+00
1.821270003971124651e-02 1.871885791751306399e-02 1.748318124915299379e-02 5.441475210689911135e-02 3.156000000000000000e+03 3.160000000000000309e-02 0.000000000000000000e+00
1.037195313620730037e-02 1.056438435509680050e-02 1.018743332007597188e-02 3.112376687752867188e-02 3.116000000000000000e+03 3.160000000000000309e-02 0.000000000000000000e+00
8.272521676176376249e-05 9.532328263999410021e-05 3.690263893219117861e-04 5.470747793205269893e-04 3.216000000000000000e+03 3.160000000000000309e-02 3.900000000000000000e+01
1.451503710677218067e-03 1.374470799641495846e-03 1.221139407158912480e-03 4.047112444102040144e-03 3.156000000000000000e+03 3.160000000000000309e-02 3.900000000000000000e+01
1.272310123447242466e-03 1.547722158737391360e-03 1.216005310484375877e-03 4.036038596672904266e-03 3.116000000000000000e+03 3.160000000000000309e-02 3.900000000000000000e+01
5.479607433488781166e-04 5.399994290037125368e-04 1.468285409217389955e-03 2.556245602589427533e-03 3.216000000000000000e+03 1.000000000000000056e-01 0.000000000000000000e+00
6.246688955899614565e-02 6.109477182514621435e-02 5.762313349449502825e-02 1.811847941672536932e-01 3.156000000000000000e+03 1.000000000000000056e-01 0.000000000000000000e+00
1.179111101538383305e-02 1.173529952606797155e-02 1.168397699569704608e-02 3.521038895108506012e-02 3.116000000000000000e+03 1.000000000000000056e-01 0.000000000000000000e+00
4.079169931400841720e-02 4.108816565111717695e-02 1.006754087553873439e-01 1.825552719396296153e-01 3.216000000000000000e+03 3.160000000000000031e-01 0.000000000000000000e+00
3.868698907053684799e+00 3.860876416117464238e+00 3.628273545119139243e+00 1.135784867189405034e+01 3.156000000000000000e+03 3.160000000000000031e-01 0.000000000000000000e+00
1.932313447331798884e+00 1.923590104293599667e+00 1.876831111378391315e+00 5.732734285065954616e+00 3.116000000000000000e+03 3.160000000000000031e-01 0.000000000000000000e+00
1.430520367848289655e-04 1.590696261174822333e-04 9.964988684536988869e-04 1.298619180445614385e-03 3.216000000000000000e+03 1.000000000000000056e-01 4.700000000000000000e+01
8.810511767894254297e-04 1.251312360333951346e-03 9.135482574225119385e-04 3.045910560671358496e-03 3.156000000000000000e+03 1.000000000000000056e-01 4.700000000000000000e+01
1.950820391213531867e-03 1.007229201364873020e-03 7.895273364001486683e-04 3.747583010001033499e-03 3.116000000000000000e+03 1.000000000000000056e-01 4.700000000000000000e+01
1.268848429310566982e-02 1.033959394728093013e-02 3.252653651528564227e-02 5.555461688082305449e-02 3.216000000000000000e+03 3.160000000000000031e-01 2.800000000000000000e+01
3.705614791403742392e-01 3.060818844703689923e-01 3.086250347350562584e-01 9.852683468662797317e-01 3.156000000000000000e+03 3.160000000000000031e-01 2.800000000000000000e+01
3.766185349158968076e-01 2.856758297292655291e-01 2.708709392584452424e-01 9.331656801284046177e-01 3.116000000000000000e+03 3.160000000000000031e-01 2.800000000000000000e+01
5.326696699220799872e-03 6.608900470282335661e-03 4.397934944655101236e-02 5.591496354525052337e-02 3.216000000000000000e+03 3.160000000000000031e-01 4.700000000000000000e+01
4.827268423499248007e-02 7.063297315152033962e-02 5.116575045999767479e-02 1.700714003081962855e-01 3.156000000000000000e+03 3.160000000000000031e-01 4.700000000000000000e+01
1.151471790656124899e-01 5.487543880797516455e-02 4.229370135001814940e-02 2.123164881062848675e-01 3.116000000000000000e+03 3.160000000000000031e-01 4.700000000000000000e+01
1.235309589424273035e-03 9.865750857704406150e-04 3.023747813835687449e-03 5.245633047487829187e-03 3.216000000000000000e+03 1.000000000000000056e-01 2.800000000000000000e+01
3.651273761328329565e-02 3.117179451740896903e-02 2.956165609968248315e-02 9.724619679211556067e-02 3.156000000000000000e+03 1.000000000000000056e-01 2.800000000000000000e+01
3.373542889955731539e-02 2.704650027043819724e-02 2.524124577271050565e-02 8.602311880214032203e-02 3.116000000000000000e+03 1.000000000000000056e-01 2.800000000000000000e+01
2.414657729971673127e-04 2.090594106174679977e-04 1.177142006946484782e-03 1.627666682167178483e-03 3.216000000000000000e+03 1.000000000000000056e-01 4.300000000000000000e+01
1.663721272150565705e-03 1.905045134124137753e-03 1.595162747804250176e-03 5.163930125723048895e-03 3.156000000000000000e+03 1.000000000000000056e-01 4.300000000000000000e+01
2.027975509024782397e-03 2.284065654173154502e-03 1.484206395829464325e-03 5.796245830387833364e-03 3.116000000000000000e+03 1.000000000000000056e-01 4.300000000000000000e+01
7.858006704140467783e-04 6.269648843233646815e-04 2.896996569612641115e-03 4.309761961356283269e-03 3.216000000000000000e+03 1.000000000000000056e-01 3.400000000000000000e+01
2.118279842874050412e-02 1.891939319180339571e-02 1.624992598931356350e-02 5.635211306987088914e-02 3.156000000000000000e+03 1.000000000000000056e-01 3.400000000000000000e+01
1.487058590719919117e-02 1.455968080034469002e-02 1.332793057804892642e-02 4.275816152955149579e-02 3.116000000000000000e+03 1.000000000000000056e-01 3.400000000000000000e+01
9.721460904955899840e-04 1.425608554817612075e-03 1.179928225035260271e-02 1.419706683813449707e-02 3.216000000000000000e+03 3.160000000000000031e-01 5.000000000000000000e+01
7.069013836440760264e-03 9.600943050646675025e-03 5.909991130526415053e-03 2.257995054224293599e-02 3.156000000000000000e+03 3.160000000000000031e-01 5.000000000000000000e+01
9.260689240381304171e-03 5.681897841490596811e-03 4.306343212185693298e-03 1.924887492764976518e-02 3.116000000000000000e+03 3.160000000000000031e-01 5.000000000000000000e+01
1.482013360830368204e-04 1.084151946563300338e-04 2.822629097078802355e-04 5.388794388079260053e-04 3.216000000000000000e+03 3.160000000000000309e-02 2.000000000000000000e+01
3.394203642625541906e-03 3.323973068404868607e-03 3.475127411146872788e-03 1.019330211230608588e-02 3.156000000000000000e+03 3.160000000000000309e-02 2.000000000000000000e+01
3.081377549963970792e-03 3.338020292389322092e-03 3.154857957976442157e-03 9.574255904816350582e-03 3.116000000000000000e+03 3.160000000000000309e-02 2.000000000000000000e+01
1.382919926115429494e-05 1.373319908356312892e-05 8.787509596535262961e-05 1.154373472458983219e-04 3.216000000000000000e+03 3.160000000000000309e-02 5.000000000000000000e+01
5.495027371152225230e-05 7.283582878350955696e-05 4.536318228276901734e-05 1.731493322384263509e-04 3.156000000000000000e+03 3.160000000000000309e-02 5.000000000000000000e+01
6.865792178459989310e-05 4.693005546834256518e-05 3.673727312188795056e-05 1.523252210181707004e-04 3.116000000000000000e+03 3.160000000000000309e-02 5.000000000000000000e+01
3.561257976401470708e-04 3.732997200413567846e-04 1.958383125499044055e-03 2.687808665280230942e-03 3.216000000000000000e+03 1.000000000000000056e-01 3.900000000000000000e+01
5.569127770066030145e-03 5.338457881701479633e-03 4.622486388850330710e-03 1.553007068421810057e-02 3.156000000000000000e+03 1.000000000000000056e-01 3.900000000000000000e+01
4.597484473438184262e-03 5.305879390446810624e-03 4.240616783915375325e-03 1.414397426409267147e-02 3.116000000000000000e+03 1.000000000000000056e-01 3.900000000000000000e+01
2.774453564098542865e-02 2.229585683251832096e-02 5.226615877172358787e-02 1.023065560839579169e-01 3.216000000000000000e+03 3.160000000000000031e-01 2.000000000000000000e+01
9.716126590426314991e-01 9.771148431860371408e-01 9.921242729842004726e-01 2.940851714288407859e+00 3.156000000000000000e+03 3.160000000000000031e-01 2.000000000000000000e+01
8.169613896498277850e-01 9.840998466016651625e-01 8.848095453738507032e-01 2.685870934274015909e+00 3.116000000000000000e+03 3.160000000000000031e-01 2.000000000000000000e+01
1.158710536629310111e-05 1.086499908870661376e-05 4.216960365629286245e-05 6.462168435197555036e-05 3.216000000000000000e+03 3.160000000000000309e-02 4.700000000000000000e+01
1.112244022999110400e-04 1.248645458415253290e-04 9.130183457601728856e-05 3.273908325045756331e-04 3.156000000000000000e+03 3.160000000000000309e-02 4.700000000000000000e+01
2.619207233033105423e-04 1.134422128916058088e-04 8.831471347234429658e-05 4.636778674601215421e-04 3.116000000000000000e+03 3.160000000000000309e-02 4.700000000000000000e+01
